23/09/2026,Ing. Raúl,ED10,1,1,1,1,1,0,0,0,1,0,0,20,0,30,0,0,0,0,0,0,0,0,0,0,0,0,0,0,0,0,0,0,10,10,10,0,10,10,10
23/09/2026,Ing. Raúl,ED21,1,50,20,0,50,0,0,0,1,0,0,0,0,0,0,0,0,0,0,0,0,0,0,0,0,0,0,0,0,0,0,0,13,13,11,0,11,15,14
23/09/2026,Ing. Raúl,ED22,1,1,1,1,1,0,0,0,1,0,0,0,0,0,0,0,0,0,0,0,0,0,0,0,0,0,0,0,0,0,0,0,14,13,26,0,17,21,22
23/09/2026,Ing. Raúl,ED23,1,1,1,1,1,0,0,0,1,0,0,70,0,80,0,0,0,0,0,0,0,0,0,0,0,0,0,0,0,0,0,0,11,11,10,0,8,10,10
23/09/2026,Ing. Raúl,ED24,1,10,0,0,10,0,0,0,0,0,0,0,0,0,0,0,0,0,0,0,0,0,0,0,0,0,0,0,0,0,0,0,15,15,10,0,15,15,15
23/09/2026,Ing. Raúl,ED25,1,1,1,1,1,0,0,0,1,0,0,40,0,40,0,0,0,0,0,0,0,0,0,0,0,0,0,0,0,0,0,0,20,20,15,0,15,15,15
23/09/2026,Ing. Raúl,ED26,1,50,10,0,60,0,0,0,1,0,0,0,0,0,0,0,0,0,0,0,0,0,0,0,0,0,0,0,0,0,0,0,15,15,15,0,20,20,20
23/09/2026,Ing. Raúl,ED27,100,100,100,100,100,0,0,0,100,0,0,30,0,40,0,0,0,0,0,0,0,0,0,0,0,0,0,0,0,0,0,0,0,0,0,0,0,0,0,El residente reporta que todo el personal del contratista y el personal que llego, lo concentro en el edificio 34 para el colado de azotea, por lo que no hubo ni avance ni personal para este edificio
23/09/2026,Ing. Raúl,ED28,100,100,100,100,100,0,0,0,100,0,0,80,0,100,20,0,0,0,0,0,0,0,0,0,0,0,0,0,0,0,0,0,13,10,13,0,9,11,11,
23/09/2026,Ing. Raúl,ED29,1,1,1,1,1,0,0,0,1,0,0,30,0,30,0,0,0,0,0,0,0,0,0,0,0,0,0,0,0,0,0,0,12,13,12,0,9,11,11
23/09/2026,Ing. Raúl,ED30,100,100,100,100,100,0,0,0,100,0,0,90,60,100,20,0,0,0,0,0,0,0,0,0,0,0,0,0,0,0,0,0,11,11,11,0,9,11,11,
23/09/2026,Ing. Raúl,ED31,1,30,0,0,55,0,0,0,1,0,0,0,0,0,0,0,0,0,0,0,0,0,0,0,0,0,0,0,0,0,0,0,15,15,10,0,15,15,15
23/09/2026,Ing. Raúl,ED32,1,1,1,1,1,0,0,0,1,0,0,50,0,70,0,0,0,0,0,0,0,0,0,0,0,0,0,0,0,0,0,0,20,15,15,0,20,20,20
23/09/2026,Ing. Raúl,ED33,1,20,0,0,20,0,0,0,1,0,0,0,0,0,0,0,0,0,0,0,0,0,0,0,0,0,0,0,0,0,0,0,15,15,15,0,15,15,15
23/09/2026,Ing. Raúl,ED34,1,1,1,1,1,0,0,0,1,0,0,90,40,1,0,0,0,0,0,0,0,0,0,0,0,0,0,0,0,0,0,0,15,17,18,0,8,14,21
30/09/2026,Ing. Raúl,ED10,100,100,100,100,100,0,0,0,100,0,0,30,0,40,0,0,0,0,0,0,0,0,0,0,0,0,0,0,0,0,0,0,10,10,10,0,12,13,14,
30/09/2026,Ing. Raúl,ED21,100,60,50,0,70,0,0,0,100,0,0,0,0,0,0,0,0,0,0,0,0,0,0,0,0,0,0,0,0,0,0,0,14,14,14,0,19,22,24,
30/09/2026,Ing. Raúl,ED22,100,100,100,100,100,0,0,0,100,0,0,10,0,10,0,0,0,0,0,0,0,0,0,0,0,0,0,0,0,0,0,0,22,22,22,0,12,9,10,
30/09/2026,Ing. Raúl,ED23,100,100,100,100,100,0,0,0,100,0,0,80,0,0,0,0,0,0,0,0,0,0,0,0,0,0,0,0,0,0,0,0,10,10,10,0,8,10,10,
30/09/2026,Ing. Raúl,ED24,100,0,0,0,30,0,0,0,0,0,0,0,0,0,0,0,0,0,0,0,0,0,0,0,0,0,0,0,0,0,0,0,15,15,0,0,10,18,19,
30/09/2026,Ing. Raúl,ED25,100,100,100,100,100,0,0,0,100,0,0,0,0,50,0,0,0,0,0,0,0,0,0,0,0,0,0,0,0,0,0,0,20,20,10,0,15,18,19,
30/09/2026,Ing. Raúl,ED26,100,60,20,0,0,0,0,0,100,0,0,0,0,0,0,0,0,0,0,0,0,0,0,0,0,0,0,0,0,0,0,0,15,14,10,0,15,20,19,
30/09/2026,Ing. Raúl,ED27,100,100,100,100,100,0,0,0,100,0,0,0,0,0,0,0,0,0,0,0,0,0,0,0,0,0,0,0,0,0,0,0,0,0,0,0,0,0,0,El residente reporta que esta semana no tuvo avance, ni personal debido a que todo se concentro en el edificio 34
30/09/2026,Ing. Raúl,ED28,100,100,100,100,100,0,0,0,100,0,0,0,50,100,0,0,0,0,0,0,0,0,0,0,0,0,0,0,0,0,0,0,13,14,13,0,10,11,24,
30/09/2026,Ing. Raúl,ED29,100,100,100,100,100,0,0,0,100,0,0,40,0,35,0,0,0,0,0,0,0,0,0,0,0,0,0,0,0,0,0,0,12,13,12,0,10,11,2,
30/09/2026,Ing. Raúl,ED30,100,100,100,100,100,0,0,0,100,0,0,100,80,100,0,0,0,0,0,0,0,0,0,0,0,0,0,0,0,0,0,0,11,10,11,0,9,11,10,
30/09/2026,Ing. Raúl,ED31,100,50,0,0,0,0,0,0,100,0,0,0,0,0,0,0,0,0,0,0,0,0,0,0,0,0,0,0,0,0,0,0,15,15,10,0,10,18,19,
30/09/2026,Ing. Raúl,ED32,100,100,100,100,100,0,0,0,100,0,0,60,0,0,0,0,0,0,0,0,0,0,0,0,0,0,0,0,0,0,0,0,20,15,15,0,15,19,19,
30/09/2026,Ing. Raúl,ED33,100,0,40,0,0,0,0,0,100,0,0,0,0,0,0,0,0,0,0,0,0,0,0,0,0,0,0,0,0,0,0,0,15,15,0,0,10,18,19,
