23/09/2026,ing. Abdiel,ED1,100,100,100,100,100,10,0,0,0,0,0,10,0,22,0,0,0,0,0,0,0,0,0,0,0,0,0,0,0,0,0,0,0,0,0,0,0,0,0,El residente reporta que esta semana no hubo ni personal, ni avance, y que en este edificio tienen habilitado una estacion de habilitado de fierro, pero el personal que se encuentra habilitando es para otros edificios, por eso no lo tomo en cuenta
23/09/2026,ing. Abdiel,ED2,1,1,1,1,1,10,0,0,0,0,0,15,0,20,0,0,0,0,0,0,0,0,0,0,0,0,0,0,0,0,0,0,5,5,5,0,12,12,12
23/09/2026,ing. Abdiel,ED3,1,90,1,0,1,10,0,0,0,0,0,0,0,0,0,0,0,0,0,0,0,0,0,0,0,0,0,0,0,0,0,0,22,22,22,0,28,28,28
23/09/2026,ing. Abdiel,ED9,1,1,1,1,1,10,0,0,0,0,0,18,0,22,0,0,0,0,0,0,0,0,0,0,0,0,0,0,0,0,0,0,15,12,10,0,11,13,15
23/09/2026,ing. Abdiel,ED35,100,100,100,100,100,10,0,0,0,0,0,100,100,100,0,0,0,0,0,0,0,0,0,0,0,0,0,0,0,0,0,0,2,2,2,0,2,6,6,El residente reporta que en este edificio solo avanzaron muy poco el pretil de azotea, y otro personal de instalaciones realizaron trabajos esporadicos, razon por la cual no considero avance fisico
23/09/2026,ing. Abdiel,ED36,1,1,1,1,1,10,0,0,0,0,0,85,0,95,0,0,0,0,0,0,0,0,0,0,0,0,0,0,0,0,0,0,8,8,8,0,8,10,10
23/09/2026,ing. Abdiel,ED37,1,20,0,0,25,0,0,0,0,0,0,0,0,0,0,0,0,0,0,0,0,0,0,0,0,0,0,0,0,0,0,0,16,16,16,0,7,11,11
23/09/2026,ing. Abdiel,ED38,1,95,1,0,1,10,0,0,0,0,0,0,0,0,0,0,0,0,0,0,0,0,0,0,0,0,0,0,0,0,0,0,18,18,18,0,20,25,25
23/09/2026,ing. Abdiel,ED39,100,100,100,100,100,10,0,0,0,0,0,100,100,100,0,0,0,0,0,0,0,0,0,0,0,0,0,0,0,0,0,0,0,0,0,0,0,0,0,El residente menciona que este edificio se acaba de colar, y todo el personal se concentró en el edificio 40
23/09/2026,ing. Abdiel,ED40,1,1,1,1,1,10,0,0,0,0,0,45,0,70,0,0,0,0,0,0,0,0,0,0,0,0,0,0,0,0,0,0,24,24,24,0,20,23,23
23/09/2026,ing. Abdiel,ED41,1,1,1,1,1,10,0,0,0,0,0,20,0,30,0,0,0,0,0,0,0,0,0,0,0,0,0,0,0,0,0,0,14,0,13,0,12,10,11
23/09/2026,ing. Abdiel,ED42,1,1,1,1,1,10,0,0,0,0,0,5,0,12,0,0,0,0,0,0,0,0,0,0,0,0,0,0,0,0,0,0,27,28,28,0,12,15,15
23/09/2026,ing. Abdiel,ED43,1,1,1,1,1,10,0,0,0,0,0,15,0,25,0,0,0,0,0,0,0,0,0,0,0,0,0,0,0,0,0,0,0,0,0,0,0,0,0
23/09/2026,ing. Abdiel,ED44,1,1,1,1,1,10,0,0,0,0,0,42,0,57,0,0,0,0,0,0,0,0,0,0,0,0,0,0,0,0,0,0,0,0,0,0,0,0,0
23/09/2026,ing. Abdiel,ED45,1,1,1,1,1,10,0,0,0,0,0,97,0,1,0,0,0,0,0,0,0,0,0,0,0,0,0,0,0,0,0,0,18,18,18,0,15,27,27
